               Epoch,            train/Lpix,          train/Lcon,          train/Lcol,              val/Lpix,            val/Lcon,            val/Lcol, 
                   0,         1.99139e-01,         2.15456e-01,         5.20046e-01,         1.55908e-01,         9.54839e-02,         1.16254e-01
                   1,         1.22006e-01,         1.22317e-01,         1.23953e-01,         1.55908e-01,         9.54837e-02,         1.16254e-01
                   2,         1.22005e-01,         1.22316e-01,         1.23951e-01,         1.55908e-01,         9.54835e-02,         1.16254e-01
                   3,         1.22003e-01,         1.22315e-01,         1.23946e-01,         1.55907e-01,         9.54833e-02,         1.16254e-01
                   4,         1.21998e-01,         1.22311e-01,         1.23934e-01,         1.55906e-01,         9.54828e-02,         1.16254e-01
                   5,         1.21979e-01,         1.22297e-01,         1.23893e-01,         1.55899e-01,         9.54826e-02,         1.16254e-01
                   6,         1.21950e-01,         1.22263e-01,         1.23819e-01,         1.55891e-01,         9.54824e-02,         1.16254e-01
                   7,         1.21914e-01,         1.22186e-01,         1.23668e-01,         1.55872e-01,         9.54822e-02,         1.16253e-01
                   8,         1.21887e-01,         1.22084e-01,         1.23339e-01,         1.55837e-01,         9.54819e-02,         1.16253e-01
                   9,         1.21742e-01,         1.21741e-01,         1.22438e-01,         1.55352e-01,         9.54814e-02,         1.16251e-01
                  10,         1.21418e-01,         1.21292e-01,         1.21049e-01,         1.55362e-01,         9.54803e-02,         1.16249e-01
                  11,         1.21394e-01,         1.21239e-01,         1.20769e-01,         1.55287e-01,         9.54773e-02,         1.16251e-01
                  12,         1.21360e-01,         1.21195e-01,         1.20550e-01,         1.55239e-01,         9.54743e-02,         1.16254e-01
                  13,         1.21321e-01,         1.21149e-01,         1.20344e-01,         1.55184e-01,         9.54713e-02,         1.16256e-01
                  14,         1.21268e-01,         1.21095e-01,         1.20146e-01,         1.55134e-01,         9.54681e-02,         1.16259e-01
                  15,         1.21193e-01,         1.21015e-01,         1.19972e-01,         1.55081e-01,         9.54650e-02,         1.16260e-01
                  16,         1.21076e-01,         1.20934e-01,         1.19862e-01,         1.54871e-01,         9.54614e-02,         1.16262e-01
                  17,         1.20645e-01,         1.20896e-01,         1.19956e-01,         1.54441e-01,         9.54581e-02,         1.16265e-01
                  18,         1.20445e-01,         1.20821e-01,         1.19865e-01,         1.54333e-01,         9.54551e-02,         1.16267e-01
                  19,         1.20323e-01,         1.20730e-01,         1.19642e-01,         1.54180e-01,         9.54517e-02,         1.16269e-01
                  20,         1.20241e-01,         1.20670e-01,         1.19406e-01,         1.54172e-01,         9.54496e-02,         1.16275e-01
                  21,         1.20207e-01,         1.20649e-01,         1.19407e-01,         1.54161e-01,         9.54111e-02,         1.16291e-01
                  22,         1.20187e-01,         1.20632e-01,         1.19397e-01,         1.54143e-01,         9.53348e-02,         1.16329e-01
                  23,         1.20161e-01,         1.20614e-01,         1.19393e-01,         1.54120e-01,         9.52667e-02,         1.16351e-01
                  24,         1.20131e-01,         1.20595e-01,         1.19391e-01,         1.54094e-01,         9.52047e-02,         1.16343e-01
                  25,         1.20096e-01,         1.20574e-01,         1.19393e-01,         1.54063e-01,         9.51695e-02,         1.16342e-01
                  26,         1.20051e-01,         1.20551e-01,         1.19403e-01,         1.54016e-01,         9.51405e-02,         1.16346e-01
                  27,         1.19980e-01,         1.20522e-01,         1.19432e-01,         1.53964e-01,         9.51131e-02,         1.16346e-01
                  28,         1.19919e-01,         1.20492e-01,         1.19445e-01,         1.53905e-01,         9.50923e-02,         1.16347e-01
                  29,         1.19876e-01,         1.20465e-01,         1.19438e-01,         1.53870e-01,         9.50773e-02,         1.16348e-01
                  30,         1.19842e-01,         1.20448e-01,         1.19426e-01,         1.53868e-01,         9.50611e-02,         1.16347e-01
                  31,         1.19842e-01,         1.20447e-01,         1.19419e-01,         1.53866e-01,         9.48942e-02,         1.16306e-01
                  32,         1.19839e-01,         1.20444e-01,         1.19416e-01,         1.53863e-01,         9.48072e-02,         1.16392e-01
                  33,         1.19836e-01,         1.20442e-01,         1.19414e-01,         1.53860e-01,         9.41303e-02,         1.16100e-01
                  34,         1.19832e-01,         1.20439e-01,         1.19412e-01,         1.53857e-01,         9.38218e-02,         1.15728e-01
                  35,         1.19829e-01,         1.20436e-01,         1.19410e-01,         1.53855e-01,         9.37580e-02,         1.15664e-01
                  36,         1.19826e-01,         1.20434e-01,         1.19408e-01,         1.53852e-01,         9.37098e-02,         1.15631e-01
                  37,         1.19823e-01,         1.20431e-01,         1.19406e-01,         1.53849e-01,         9.36463e-02,         1.15590e-01
                  38,         1.19820e-01,         1.20429e-01,         1.19404e-01,         1.53846e-01,         9.35962e-02,         1.15565e-01
                  39,         1.19817e-01,         1.20426e-01,         1.19402e-01,         1.53843e-01,         9.35240e-02,         1.15521e-01
                  40,         1.19810e-01,         1.20423e-01,         1.19407e-01,         1.53843e-01,         9.35990e-02,         1.15639e-01
                  41,         1.19811e-01,         1.20423e-01,         1.19405e-01,         1.53843e-01,         9.32749e-02,         1.15296e-01
                  42,         1.19811e-01,         1.20423e-01,         1.19404e-01,         1.53843e-01,         9.32690e-02,         1.15294e-01
                  43,         1.19811e-01,         1.20423e-01,         1.19404e-01,         1.53843e-01,         9.32674e-02,         1.15300e-01
                  44,         1.19811e-01,         1.20422e-01,         1.19403e-01,         1.53843e-01,         9.32677e-02,         1.15302e-01
                  45,         1.19811e-01,         1.20422e-01,         1.19402e-01,         1.53842e-01,         9.32665e-02,         1.15300e-01
                  46,         1.19812e-01,         1.20422e-01,         1.19402e-01,         1.53842e-01,         9.32662e-02,         1.15300e-01
                  47,         1.19811e-01,         1.20422e-01,         1.19401e-01,         1.53842e-01,         9.32661e-02,         1.15300e-01
                  48,         1.19811e-01,         1.20422e-01,         1.19401e-01,         1.53842e-01,         9.32661e-02,         1.15300e-01
                  49,         1.19811e-01,         1.20422e-01,         1.19401e-01,         1.53842e-01,         9.32661e-02,         1.15300e-01
